v2.0 raw
800020 440050 400 00 00 00 00 00
800020 440050 800020 600050 400 00 00 00
800020 440050 800020 c00050 1000100 400 00 00
800020 440050 800020 c00050 200010 400 00 00
800020 440050 400040 400 00 00 00 00
800020 440050 800020 420050 200100 400 00 00
800020 440050 80108 200001 400 00 00 00
800020 440050 400 00 00 00 00 00
800020 440050 800020 420050 100300 90100 200001 400
800020 440050 400 00 00 00 00 00
800020 440050 400 00 00 00 00 00
800020 440050 400 00 00 00 00 00
800020 440050 400 00 00 00 00 00
800020 440050 400 00 00 00 00 00
800020 440050 400 00 00 00 00 00
800020 440050 400 00 00 00 00 00
800020 440050 400 00 00 00 00 00
800020 440050 800020 600050 400 00 00 00
800020 440050 800020 c00050 1000100 400 00 00
800020 440050 800020 c00050 200010 400 00 00
800020 440050 800020 400090 400 00 00 00
800020 440050 800020 420050 200100 400 00 00
800020 440050 80108 200001 400 00 00 00
800020 440050 400 00 00 00 00 00
800020 440050 800020 420050 100300 90100 200001 400
800020 440050 00 00 00 00 00 00
800020 440050 00 00 00 00 00 00
800020 440050 00 00 00 00 00 00
800020 440050 00 00 00 00 00 00
800020 440050 00 00 00 00 00 00
800020 440050 00 00 00 00 00 00
800020 440050 00 00 00 00 00 00
